0.6180943953787335 0.9135723416904963 0.6180943953787335 0.7958158995815899 0.6747928650625595 1.1523972602739727 0.4186046511627907 0.3947831527902702 
0.8190510101809357 0.9631553803134423 0.8190510101809357 0.8083775247374739 0.7607095988001499 0.7294520547945206 0.06976744186046512 0.5168230346166289 
0.5787589731585518 0.7913882252974683 0.5787589731585518 0.8089634897593226 0.730136315806528 0.9863013698630136 0.32558139534883723 0.7499349014842461 
0.7783103113060384 0.6990312414021295 0.7783103113060384 0.8731313471121297 0.8130194663167104 0.425513698630137 0.2558139534883721 0.41453514234875444 
0.6598836707571756 0.6783026022649215 0.6598836707571756 0.8714364149264469 0.8633028014355348 0.5573630136986302 0.27906976744186046 0.511042495289931 
0.707511391616902 0.8031733603330264 0.707511391616902 0.8747549622851848 0.7867622316441214 0.6797945205479452 0.5348837209302325 0.5576887057501405 
0.7396129151747128 0.8039624837369237 0.7396129151747128 0.8566273431717596 0.7587545146600264 0.6232876712328768 0.3023255813953488 0.5113317100580633 
0.7810900641214189 0.8697879766836694 0.7810900641214189 0.8882722527360201 0.8097886069326079 0.6541095890410958 0.27906976744186046 0.48551093035078796 
0.7248469087231464 0.928511904493224 0.7248469087231464 0.9375991920357812 0.8639493993211936 0.865582191780822 0.6511627906976745 0.5741273567047778 
0.716869870109172 0.6858758110858446 0.716869870109172 0.8736120051496621 0.7851991474038718 0.4828767123287671 0.16279069767441862 0.4427464936152397 
0.6882879916587782 0.7935563127811691 0.6882879916587782 0.814110517962776 0.7016239758351374 0.7011986301369864 0.3023255813953488 0.5604982206405693 
0.7762590016016432 0.9480473145374904 0.7762590016016432 0.8615917822899684 0.7802430636764464 0.7868150684931506 0.3023255813953488 0.5704295290904576 
0.702412913062212 0.7368395713604213 0.702412913062212 0.9295346255657074 0.9225298450596902 0.5804794520547946 0.6046511627906976 0.7238434163701067 
0.7360789821546596 0.8471008233483093 0.7360789821546596 0.9117114189381321 0.8447127442403032 0.6986301369863014 0.6744186046511628 0.3755061970793962 
0.7429578081999685 0.7578072805851404 0.7429578081999685 0.8916386303475365 0.8642381240806436 0.5488013698630136 0.37209302325581395 0.4752372479240807 
0.7244958302658733 0.8905869727576018 0.7244958302658733 0.8351862346713612 0.7544545546607433 0.7970890410958904 0.46511627906976744 0.4872304793803642 
0.9570717900334504 0.8826240687491193 0.9570717900334504 0.8420842658363336 0.7687748708830751 0.4486301369863014 0.2558139534883721 0.5827402135231317 
0.6147803986061435 0.774163874127883 0.6147803986061435 0.8078346941815276 0.6823019344804122 0.836472602739726 0.27906976744186046 0.501471393375308 
0.6667209466427835 0.9466087291434088 0.6667209466427835 0.8216581216728545 0.7077980006597536 1.0633561643835616 0.2558139534883721 0.4305125479502704 
0.5367158838157926 0.8000401444391607 0.5367158838157926 0.8249396736844435 0.6769455884787057 1.1720890410958904 0.6046511627906976 0.38871431816460966 
0.799604718478633 0.8655846662452593 0.799604718478633 0.8418142372117268 0.7473494187882161 0.6181506849315068 0.4418604651162791 0.5352906287069988 
0.6075893157505213 0.707324943259608 0.6075893157505213 0.8191923564019942 0.6937905848840135 0.7148972602739726 0.20930232558139536 0.3979728012201322 
0.6857034535052043 0.8639157098461001 0.6857034535052043 0.8596349523982778 0.7951764818460192 0.8373287671232876 0.5116279069767442 0.5438167259786476 
0.647188404285826 0.7655084123649796 0.647188404285826 0.8452655518784715 0.7258531217876725 0.738013698630137 0.2558139534883721 0.4424445661100465 
0.9824579740440728 1.0052161248258946 0.9824579740440728 0.8694573504119927 0.7833394243441089 0.5522260273972602 0.27906976744186046 0.517631834357813 
0.7599201832036533 0.8867772994440005 0.7599201832036533 0.8289748953974895 0.7460541179369286 0.7183219178082192 0.37209302325581395 0.5461765471747244 
0.6747976945916051 0.7553493288652123 0.6747976945916051 0.8799506650846187 0.8061458715510024 0.660958904109589 0.2558139534883721 0.5723606168446025 
0.8943958089198318 0.4600331891081023 0.8943958089198318 0.9196094839609484 0.8712781870008184 0.13955479452054795 0.32558139534883723 0.621504829689883 
0.698488591388424 0.8184838337815259 0.698488591388424 0.8067234639947147 0.727379300912448 0.7243150684931506 0.2558139534883721 0.4260390787618344 
0.9572089509961288 0.940656024477711 0.9572089509961288 0.8854470418552843 0.8269200268095143 0.509417808219178 0.3488372093023256 0.7562277580071174 
0.7322777066839167 0.8339016050549994 0.7322777066839167 0.824017570441624 0.704220008213259 0.6840753424657534 0.4186046511627907 0.3877385959236493 
0.7902446707970177 0.8066677548426677 0.7902446707970177 0.8156350694945415 0.7714411421115712 0.5496575342465754 0.6046511627906976 0.3725050286244778 
0.7031907789681503 0.7881506803978525 0.7031907789681503 0.8900821876867901 0.8296438964314112 0.6626712328767124 0.3953488372093023 0.5038625119347279 
0.9570717900334504 0.8826240687491193 0.9570717900334504 0.8420842658363336 0.7687748708830751 0.4486301369863014 0.2558139534883721 0.5827402135231317 
0.6301961329257156 0.8542098099011023 0.6301961329257156 0.8377389896594575 0.7511571134253379 0.9691780821917808 0.3023255813953488 0.45778065351019087 
0.7719743178170144 0.8228439488739094 0.7719743178170144 0.8425724692212756 0.7701945844027114 0.5993150684931506 0.4186046511627907 0.4556896102768857 
0.9233881249043838 0.9564243448795936 0.9233881249043838 0.8735388961436985 0.7922879320935947 0.5659246575342466 0.2558139534883721 0.6785518751710923 
0.6348850786993457 0.7854464369660706 0.6348850786993457 0.8599807096669021 0.7927627603250624 0.8073630136986302 0.46511627906976744 0.4339489507915081 
0.9191444144906432 0.8848454333325135 0.9191444144906432 0.8267642956764295 0.7598058307227725 0.4888698630136986 0.18604651162790697 0.4618246522161113 
0.852387185920512 0.8536832438408197 0.852387185920512 0.8364387284040203 0.7609287603094557 0.5291095890410958 0.20930232558139536 0.5154581850533807 
0.6403172504957039 0.7520907932822822 0.6403172504957039 0.8465017931858936 0.745388831537446 0.7277397260273972 0.20930232558139536 0.4726423487544483 
0.7233904797874205 0.8411256887721441 0.7233904797874205 0.8548603050344176 0.7752463683156356 0.7131849315068494 0.3488372093023256 0.5850814759318225 
0.5594840919839961 0.668263571525765 0.5594840919839961 0.8660657879504522 0.8142135439720866 0.752568493150685 0.5348837209302325 0.45117027101012863 
0.7119685248434087 0.8751877743813896 0.7119685248434087 0.8654400667492853 0.8407280829858026 0.7970890410958904 0.5348837209302325 0.3764962795211905 
0.8704186139007656 0.8335237925520383 0.8704186139007656 0.9090545256090099 0.8405867871167267 0.4837328767123288 0.32558139534883723 0.5200024542888697 
0.7560719927948146 0.8402743111121181 0.7560719927948146 0.8742324437408119 0.7634629842124006 0.651541095890411 0.2558139534883721 0.5803253685815963 
0.6718745367762592 0.7452266758019506 0.6718745367762592 0.8758024849084927 0.8104087744699419 0.648972602739726 0.20930232558139536 0.4816980172852059 
0.7619630489820685 1.0060085203237115 0.7619630489820685 0.849059322791918 0.7572726248725082 0.9195205479452054 0.37209302325581395 0.3919465704675084 
0.7018905675407802 0.9848393977284852 0.7018905675407802 0.7918792151468257 0.6773858668648415 1.038527397260274 0.2558139534883721 0.5221845941912524 
0.8205354660386307 0.8664456649584023 0.8205354660386307 0.8548160438609147 0.7976212432905346 0.5881849315068494 0.37209302325581395 0.3216894549541112 
0.8524394340960841 0.8426115057221538 0.8524394340960841 0.8450519842779257 0.7710359734444958 0.5154109589041096 0.37209302325581395 0.5540557123573444 
0.7325842696629212 0.8680230346151402 0.7325842696629212 0.8723053623225607 0.7915567833257119 0.740582191780822 0.5813953488372093 0.5625 
0.699067364580314 0.7229817630666217 0.699067364580314 0.8495418674858324 0.7535670190758865 0.5642123287671232 0.27906976744186046 0.3908659549228944 
0.6804896548074718 0.6919215399792005 0.6804896548074718 0.8320974914160272 0.7512543360194991 0.5453767123287672 0.20930232558139536 0.4857651245551601 
0.6147803986061435 0.774163874127883 0.6147803986061435 0.8078346941815276 0.6823019344804122 0.836472602739726 0.27906976744186046 0.501471393375308 
