0.3179791976225854 8.249093786061188 0.3179791976225854 6.0 1.6988727858293076 1346 18 14.791208791208792 
0.4213615023474178 8.69680341685159 0.4213615023474178 6.094707520891365 1.9151785714285714 852 3 19.363636363636363 
0.2977430555555556 7.145833333333333 0.2977430555555556 6.099125364431487 1.838206627680312 1152 14 28.097560975609756 
0.40040241448692154 6.311896722970735 0.40040241448692154 6.582914572864322 2.046875 497 11 15.53125 
0.33947772657450076 6.124727649984311 0.33947772657450076 6.570135746606335 2.173469387755102 651 12 19.147058823529413 
0.36397984886649876 7.252247111151761 0.36397984886649876 6.595155709342561 1.9807692307692308 794 23 20.894736842105264 
0.3804945054945055 7.259372494299284 0.3804945054945055 6.458483754512636 1.9102564102564104 728 13 19.157894736842106 
0.4018324607329843 7.85374322998359 0.4018324607329843 6.697068403908795 2.0387409200968523 764 12 18.19047619047619 
0.37289812067260136 8.383990442908756 0.37289812067260136 7.068965517241379 2.1750972762645913 1011 28 21.51063829787234 
0.36879432624113473 6.193109875424303 0.36879432624113473 6.586538461538462 1.9768339768339769 564 7 16.58823529411765 
0.3540903540903541 7.165410061057312 0.3540903540903541 6.137931034482759 1.7664233576642336 819 13 21 
0.39934711643090315 8.560385263822576 0.39934711643090315 6.4959128065395095 1.9643564356435643 919 13 21.372093023255815 
0.3613569321533923 6.653286720771214 0.3613569321533923 7.0081632653061225 2.3225806451612905 678 26 27.12 
0.3786764705882353 7.64888976949481 0.3786764705882353 6.87378640776699 2.1266666666666665 816 29 14.068965517241379 
0.38221528861154447 6.842614475104833 0.38221528861154447 6.722448979591837 2.1758241758241756 641 16 17.805555555555557 
0.3727175080558539 8.04154759033923 0.3727175080558539 6.296829971181556 1.8994307400379506 931 20 18.254901960784313 
0.49236641221374045 7.969646615476279 0.49236641221374045 6.348837209302325 1.935483870967742 524 11 21.833333333333332 
0.3162743091095189 6.9903061991175095 0.3162743091095189 6.090614886731392 1.7177777777777778 977 12 18.78846153846154 
0.34299516908212563 8.547395569089614 0.34299516908212563 6.194835680751174 1.7819672131147541 1242 11 16.12987012987013 
0.27611395178962744 7.223955764554458 0.27611395178962744 6.21957671957672 1.7042925278219396 1369 26 14.563829787234043 
0.4113573407202216 7.815789473684211 0.4113573407202216 6.346801346801347 1.881542699724518 722 19 20.055555555555557 
0.3125748502994012 6.386784634232773 0.3125748502994012 6.176245210727969 1.7467018469656992 835 9 14.910714285714286 
0.35276073619631904 7.800719645895821 0.35276073619631904 6.481159420289855 2.001953125 978 22 20.375 
0.3329466357308585 6.912151779827913 0.3329466357308585 6.372822299651568 1.8274231678486998 862 11 16.576923076923077 
0.5054263565891473 9.076590556152183 0.5054263565891473 6.5552147239263805 1.9721518987341773 645 12 19.393939393939394 
0.3909415971394517 8.007148177152093 0.3909415971394517 6.25 1.8782816229116945 839 16 20.463414634146343 
0.3471502590673575 6.820420420694454 0.3471502590673575 6.634328358208955 2.0295698924731185 772 11 21.444444444444443 
0.4601226993865031 4.153865817162835 0.4601226993865031 6.933333333333334 2.193548387096774 163 14 23.285714285714285 
0.35933806146572106 7.39049290255999 0.35933806146572106 6.082236842105263 1.8312655086848635 846 11 15.962264150943396 
0.492436974789916 8.49364567230837 0.492436974789916 6.675767918088737 2.08187134502924 595 15 28.333333333333332 
0.376720901126408 7.529707538777612 0.376720901126408 6.212624584717608 1.7729591836734695 799 18 14.527272727272727 
0.40654205607476634 7.283799717026616 0.40654205607476634 6.149425287356322 1.9421965317919074 642 26 13.956521739130435 
0.36175710594315247 7.116599948854884 0.36175710594315247 6.710714285714285 2.0887290167865706 774 17 18.878048780487806 
0.49236641221374045 7.969646615476279 0.49236641221374045 6.348837209302325 1.935483870967742 524 11 21.833333333333332 
0.32420494699646646 7.713080303863794 0.32420494699646646 6.316076294277929 1.8911290322580645 1132 13 17.151515151515152 
0.39714285714285713 7.429862525165397 0.39714285714285713 6.35251798561151 1.9390581717451523 700 18 17.073170731707318 
0.4750378214826021 8.636025588936645 0.4750378214826021 6.585987261146497 1.9946808510638299 661 11 25.423076923076923 
0.3266171792152704 7.092182005500962 0.3266171792152704 6.483766233766234 1.9958762886597938 943 20 16.25862068965517 
0.47285464098073554 7.989704408324458 0.47285464098073554 6.233333333333333 1.9129032258064516 571 8 17.303030303030305 
0.43851132686084143 7.708325680045181 0.43851132686084143 6.306273062730627 1.9157303370786516 618 9 19.3125 
0.32941176470588235 6.790997501017323 0.32941176470588235 6.382142857142857 1.8766066838046271 850 9 17.708333333333332 
0.37214885954381755 7.594937342025392 0.37214885954381755 6.445161290322581 1.9517766497461928 833 15 21.92105263157895 
0.28782707622298065 6.034080306244444 0.28782707622298065 6.529644268774703 2.0498812351543942 879 23 16.903846153846153 
0.36627282491944146 7.902500657941433 0.36627282491944146 6.524926686217009 2.1166347992351815 931 23 14.106060606060606 
0.44778761061946903 7.52629608395543 0.44778761061946903 6.853754940711463 2.116279069767442 565 14 19.482758620689655 
0.38896189224704336 7.587249834595037 0.38896189224704336 6.591216216216216 1.9221105527638191 761 11 21.742857142857144 
0.34564643799472294 6.729018009881435 0.34564643799472294 6.603053435114504 2.040302267002519 758 9 18.047619047619047 
0.3919925512104283 9.08374548464427 0.3919925512104283 6.401425178147268 1.90652557319224 1074 16 14.684931506849315 
0.36108821104699096 8.892599069973357 0.36108821104699096 5.970319634703197 1.7054009819967266 1213 11 19.56451612903226 
0.42212518195050946 7.823563854332876 0.42212518195050946 6.444827586206896 2.0081081081081082 687 16 12.052631578947368 
