0.68789842867194 0.8997259159191937 0.9638885779728137 0.8020972585194954 0.68789842867194 0.9035604114552369 0.8923818109074125 0.9023972602739726 0.7674418604651163 0.7032918149466192 
0.6945489718041128 0.8148288666291542 0.9600519662262588 0.7537603069374919 0.6945489718041128 0.850533714459312 0.7278927343384403 0.726027397260274 0.23255813953488372 0.5388917132689375 
0.7630792519803207 0.9020629141585342 0.9762167123418668 0.8616629303129585 0.7630792519803207 0.8499690525116981 0.8276505029631477 0.7371575342465754 0.32558139534883723 0.5106761565836299 
0.7954838943265065 0.9778490968894705 0.98490156845594 0.9392435976413795 0.7954838943265065 0.846642286868953 0.7661515370923462 0.7970890410958904 0.4186046511627907 0.5521945432977462 
0.7832034774050685 0.8258201969338343 0.9752434674019443 0.8257209164011406 0.7832034774050685 0.9553635316233097 0.8956699109495164 0.586472602739726 0.5116279069767442 0.6304454534298687 
0.5927428565213134 0.7675065612220484 0.9390938687348658 0.6620746861845845 0.5927428565213134 0.8257116291425914 0.7084757262485046 0.884417808219178 0.2558139534883721 0.34463967971530246 
0.6835411779232005 0.7880835106240576 0.9564567113836746 0.7291058406460706 0.6835411779232005 0.9348994653649465 0.9077526865745555 0.7011986301369864 1.0 0.5907954217562759 
0.7867267410133348 0.8981467281569028 0.9797519712682102 0.878777111631703 0.7867267410133348 0.8925381396845832 0.8029733693360271 0.6875 0.4186046511627907 0.595344009489917 
0.7314583381999112 0.9139927236944143 0.9717674954463353 0.8438885343753436 0.7314583381999112 0.8280589010379342 0.744643420652332 0.8236301369863014 0.37209302325581395 0.6262477215519486 
0.7559300873907615 0.8857933595859276 0.974225806366528 0.8451859536119036 0.7559300873907615 0.8587071256883417 0.7618756092213038 0.7243150684931506 0.23255813953488372 0.5789761839583903 
0.747339972761321 0.6918322141874083 0.960222766048948 0.7017403036866885 0.747339972761321 0.8787950615248263 0.8040492914094239 0.4520547945205479 0.4418604651162791 0.5637010676156584 
0.7022834360275462 0.8628186162817112 0.9642228105772314 0.7897812079334221 0.7022834360275462 0.9091091352859135 0.8527612776473117 0.7962328767123288 0.7674418604651163 0.5772573036497558 
0.748495535772816 0.8827652578791588 0.9728713667503757 0.8373089713807117 0.748495535772816 0.879014834537847 0.8020391681809004 0.7337328767123288 0.37209302325581395 0.4765346975088968 
0.759900308437982 0.8745150894760861 0.9742561281912 0.8408717293401016 0.759900308437982 0.846541886911242 0.7337950127126127 0.6986301369863014 0.23255813953488372 0.6599805888062116 
0.6629585534637994 0.8039260182625622 0.9539865208920068 0.7260999162574207 0.6629585534637994 0.8284383420671352 0.731188292674817 0.7756849315068494 0.3488372093023256 0.4741469541553276 
0.6905967427208611 0.8258061011176542 0.9600720569778965 0.7581477741707116 0.6905967427208611 0.9492159824615343 0.9389158599183816 0.7542808219178082 0.9302325581395349 0.8108356853601669 
0.7398121750796578 0.9128270491395276 0.9730523640530594 0.8497825237184071 0.7398121750796578 0.861205067801179 0.7550158550856249 0.803082191780822 0.3953488372093023 0.3477164887307236 
0.7295982761274434 0.7941651708068082 0.964582171604107 0.7639976830525075 0.7295982761274434 0.8747197874354823 0.7809982341164409 0.625 0.13953488372093023 0.9741992882562277 
0.6133319996888162 0.7856639191865741 0.9440821664321829 0.6846670672262124 0.6133319996888162 0.7854212300468252 0.651944878198242 0.865582191780822 0.20930232558139536 0.41513824254037773 
0.787978736257098 0.9681030307684676 0.9833070007399615 0.9260847950691661 0.787978736257098 0.8689943731063339 0.7544140875008073 0.7962328767123288 0.2558139534883721 0.45966785290628703 
0.7097766795654809 0.7688763136401405 0.9595955718129354 0.7332986918930063 0.7097766795654809 0.9113699759097248 0.84592939396089 0.6190068493150684 0.4186046511627907 0.7147093712930012 
0.7960406634563938 0.9858634471381046 0.9853398571021079 0.9449291436473044 0.7960406634563938 0.8523661250040543 0.7593983702228791 0.8090753424657534 0.37209302325581395 0.44249859524255475 
0.7256638282863909 0.8731392474746372 0.9686483285754356 0.8135172994476644 0.7256638282863909 0.9288501891012351 0.8797116295797898 0.7636986301369864 0.6046511627906976 0.626521820565649 
1.0 0.5298935813427131 0.9868473802141989 0.7202837167039767 1.0 0.9478256781533543 0.909588801399825 0.1481164383561644 0.16279069767441862 0.5771797153024911 
0.7839463642145431 0.9197078296606295 0.9803961283022677 0.8908517532663531 0.7839463642145431 0.8803616432993222 0.7881666137024351 0.726027397260274 0.8372093023255814 0.5956171567709309 
0.653588369457232 0.7461526664688115 0.948345563257584 0.6832863181530329 0.653588369457232 0.8695025569502557 0.8000347474296208 0.6875 0.6511627906976745 0.48709964412811385 
0.7181713417668473 0.8474953462726504 0.9659620346967542 0.7914454605604763 0.7181713417668473 1.0 1.0 0.7345890410958904 0.813953488372093 0.693950177935943 
0.7066768522349895 0.9264765966685709 0.9683844110041615 0.8322769738189832 0.7066768522349895 0.9391316633157638 0.8826674443472343 0.9066780821917808 0.6744186046511628 0.5768392766359213 
0.6697940245613675 0.8937379303955373 0.9605378361297879 0.7855395006330022 0.6697940245613675 0.8305538951982466 0.7429117656589223 0.9392123287671232 0.4186046511627907 0.4647517369937298 
0.7497592295345105 0.9111882779976331 0.9745619188468594 0.8567334870349204 0.7497592295345105 0.8819726066587992 0.8112176502130782 0.7791095890410958 0.7674418604651163 0.5397390272835112 
0.6739443588490974 0.8131784694961467 0.9564623957966268 0.7390262027789382 0.6739443588490974 0.9280254005838906 0.8967629046369204 0.7679794520547946 0.8604651162790697 0.6650355871886121 
0.7713023311607821 0.7366452776042329 0.9675729397214187 0.7515959281232025 0.7713023311607821 0.9343996847852599 0.8620092701178309 0.4811643835616438 0.3953488372093023 1.0 
0.7726574697345857 0.9223587515748334 0.978754113444744 0.8829459381000773 0.7726574697345857 0.8323002961240125 0.7212963410248565 0.7517123287671232 0.6744186046511628 0.4985992276822897 
0.8653696302440741 0.737090847637211 0.982732303673929 0.822697635817749 0.8653696302440741 0.9304514202813229 0.8866962169147944 0.3827054794520548 0.5813953488372093 0.6628113879003558 
0.8429946995321592 1.0 0.9930579331079908 1.0 0.8429946995321592 0.8586063384670168 0.7470936919401928 0.7422945205479452 0.3953488372093023 0.6254207944599404 
0.7637258161026527 0.8943992637477355 0.975922784744739 0.8571467461999033 0.7637258161026527 0.8761166002923829 0.7934812546579825 0.723458904109589 0.4186046511627907 0.5935100206031092 
0.7535514527545414 0.9147900727644125 0.9753499555916947 0.862131193894365 0.7535514527545414 0.9016986021300875 0.7986994049986175 0.7773972602739726 0.4418604651162791 0.5636017545311595 
0.665691857780514 0.9165586781482389 0.9610834791915974 0.79599638337912 0.665691857780514 0.9055721757322175 0.849585239647952 1.0 0.9534883720930233 0.6112622985137115 
0.7119430345808029 0.8609407180677371 0.965711957197736 0.7955713109856535 0.7119430345808029 0.8870533789780651 0.7857470975169497 0.771404109589041 0.37209302325581395 0.5116604830771561 
0.7505182872207008 0.8959301340511993 0.973894368129846 0.8474937419479431 0.7505182872207008 0.846287999407561 0.762145451076156 0.7517123287671232 0.32558139534883723 0.6695475343162175 
0.6672469901300371 0.7786337263410736 0.9530290007655051 0.7126542551987733 0.6672469901300371 0.9206226754997675 0.8480227471566053 0.7183219178082192 0.5116279069767442 0.6220344009489918 
0.706360901332351 0.7699238976815898 0.9590921223228976 0.731781082098005 0.706360901332351 0.9085066222040457 0.8628074268494215 0.6267123287671232 0.3488372093023256 0.7814946619217081 
0.9432039065092684 0.8272949417891234 1.0 0.9717332429460183 0.9432039065092684 0.8978879388757504 0.816305130976275 0.4058219178082192 0.4883720930232558 0.6024402643619725 
0.9500694356773134 0.510658958649979 0.9764517800822073 0.6619928231560909 0.9500694356773134 0.9787620833934497 0.8651888810928338 0.1523972602739726 0.16279069767441862 0.3959074733096085 
