0.3538899430740038 8.12406760085745 0.8507589922390826 33.7563794585965 0.3538899430740038 6.8123324396782845 2.2466793168880455 1054 33 26.35 
0.357311320754717 7.357490407356276 0.847372675586201 31.722111840620016 0.357311320754717 6.412541254125412 1.8325581395348838 848 10 20.19047619047619 
0.39256678281068524 8.14516950683077 0.8616401992703577 36.263209395252474 0.39256678281068524 6.408284023668639 2.083710407239819 861 14 19.133333333333333 
0.4092373791621912 8.829480207260076 0.8693057319929156 39.528203031838586 0.4092373791621912 6.383202099737533 1.9288793103448276 931 18 20.68888888888889 
0.4029197080291971 7.456736532024529 0.8607811820527955 34.750584526850695 0.4029197080291971 7.202898550724638 2.254957507082153 685 22 23.620689655172413 
0.30493707647628265 6.93019404815006 0.8288743861485095 27.863509193423855 0.30493707647628265 6.2253968253968255 1.7836734693877552 1033 11 12.9125 
0.3516483516483517 7.115993439946572 0.8441993882824419 30.684525050935008 0.3516483516483517 7.048611111111111 2.285377358490566 819 43 22.135135135135137 
0.40473225404732255 8.109808338221681 0.864760532253041 36.98346219824185 0.40473225404732255 6.729230769230769 2.0215827338129495 803 18 22.305555555555557 
0.3762993762993763 8.252889621834713 0.8577131776531328 35.51517136427237 0.3762993762993763 6.2430939226519335 1.874730021598272 962 16 23.463414634146343 
0.3888888888888889 7.998263700467884 0.8598829617639395 35.56977344101683 0.3888888888888889 6.474164133738602 1.9181141439205955 846 10 21.692307692307693 
0.38446969696969696 6.246893167201136 0.8475234289910513 29.53284245898323 0.38446969696969696 6.625615763546798 2.0242914979757085 528 19 21.12 
0.36129032258064514 7.790813448770828 0.8510539966620065 33.23805668339821 0.36129032258064514 6.854166666666667 2.1469298245614037 930 33 21.627906976744185 
0.38506417736289383 7.970921481540103 0.8586874898917549 35.238269501363014 0.38506417736289383 6.627272727272727 2.019230769230769 857 16 17.854166666666668 
0.3909313725490196 7.896426655238978 0.8599097247794896 35.388208686815766 0.3909313725490196 6.382445141065831 1.8474178403755868 816 10 24.727272727272727 
0.34105960264900664 7.259043229604816 0.8420191188806094 30.55802028706833 0.34105960264900664 6.2459546925566345 1.840855106888361 906 15 17.764705882352942 
0.35527809307604996 7.456609253970723 0.8473904083283532 31.906759035475282 0.35527809307604996 7.156549520766773 2.363834422657952 881 40 30.379310344827587 
0.3805970149253731 8.242364173232042 0.8588472439197081 35.7632207606219 0.3805970149253731 6.492997198879552 1.90084388185654 938 17 13.027777777777779 
0.37534246575342467 7.170907739485928 0.8513711802370185 32.15295329921907 0.37534246575342467 6.594890510948905 1.9662576687116564 730 6 36.5 
0.3155291790306627 7.094145759384332 0.833277217781688 28.814312826292596 0.3155291790306627 5.921630094043887 1.641350210970464 1011 9 15.553846153846154 
0.4053763440860215 8.741478185079172 0.8678983153535816 38.97441291707335 0.4053763440860215 6.551724137931035 1.8993288590604027 930 11 17.22222222222222 
0.3651452282157676 6.942562216104464 0.8469698472302938 30.860981803780987 0.3651452282157676 6.871212121212121 2.1297297297297297 723 18 26.77777777777778 
0.4095238095238095 8.90184571551637 0.8696925796176772 39.76748006011264 0.4095238095238095 6.426356589147287 1.9118773946360152 945 16 16.57894736842105 
0.37331838565022424 7.884003501442801 0.8549601008719003 34.2369935373873 0.37331838565022424 7.003003003003003 2.2147806004618937 892 26 23.473684210526315 
0.5144508670520231 4.784669642077186 0.8710231678961659 30.313244685297338 0.5144508670520231 7.146067415730337 2.29 173 7 21.625 
0.4033018867924528 8.304494123154608 0.8653290859237267 37.491625242706256 0.4033018867924528 6.637426900584796 1.984304932735426 848 36 22.31578947368421 
0.33623910336239105 6.737379234830319 0.8370402286416381 28.75620380128809 0.33623910336239105 6.555555555555555 2.0141843971631204 803 28 18.25 
0.36946386946386944 7.6524521109264905 0.8525890916854532 33.308096996586045 0.36946386946386944 7.539432176656152 2.5176211453744495 858 35 26 
0.3635505193578848 8.36561264800091 0.8547271587537941 35.02649715415169 0.3635505193578848 7.080519480519481 2.2222222222222223 1059 29 21.612244897959183 
0.3445761166818596 8.069999135865595 0.8478015199556976 33.05954381645542 0.3445761166818596 6.261904761904762 1.8703703703703705 1097 18 17.41269841269841 
0.38571428571428573 8.227566902970594 0.8601796254256743 36.05575305994443 0.38571428571428573 6.64957264957265 2.0423387096774195 910 33 20.22222222222222 
0.346711259754738 7.342588160305722 0.8442044055277389 31.10202493011659 0.346711259754738 6.996784565916399 2.2577092511013217 897 37 24.916666666666668 
0.39679715302491103 6.651532346931614 0.8540109281577337 31.63102364430558 0.39679715302491103 7.044843049327354 2.1702127659574466 562 17 37.46666666666667 
0.39749430523917995 8.328430600313416 0.863879790914581 37.15890786479759 0.39749430523917995 6.275071633237823 1.8159509202453987 878 29 18.680851063829788 
0.4451901565995526 6.655555617801978 0.8673910692797991 34.62334932501103 0.4451901565995526 7.015075376884422 2.232365145228216 447 25 24.833333333333332 
0.43367935409457903 9.029491600847795 0.8765048011906305 42.085145037029235 0.43367935409457903 6.473404255319149 1.8808988764044945 867 17 23.43243243243243 
0.39289940828402364 8.07597063981463 0.8613807693403449 36.07314513184062 0.39289940828402364 6.605421686746988 1.9976851851851851 845 18 22.236842105263158 
0.3876651982378855 8.260089278565205 0.8608751719465112 36.28291633599152 0.3876651982378855 6.798295454545454 2.0108225108225106 908 19 21.11627906976744 
0.3424657534246575 8.27605888602368 0.8482831220329456 33.499623243460995 0.3424657534246575 6.8275 2.138933764135703 1168 41 22.901960784313726 
0.3662597114317425 7.773856982620501 0.8523683652592786 33.481734010130715 0.3662597114317425 6.6878787878787875 1.9782135076252723 901 16 19.170212765957448 
0.38610478359908884 8.089793620361743 0.8595904237396566 35.666897047853816 0.38610478359908884 6.380530973451328 1.9187935034802783 878 14 25.085714285714285 
0.3432657926102503 7.030666692133545 0.8411739808880165 29.992157691296423 0.3432657926102503 6.940972222222222 2.135 839 22 23.305555555555557 
0.3633879781420765 6.952021367407911 0.8465254865535767 30.797112975448737 0.3633879781420765 6.849624060150376 2.172222222222222 732 15 29.28 
0.48523206751054854 7.470052728308755 0.8826320922158267 40.895534466685945 0.48523206751054854 6.769565217391304 2.0551470588235294 474 21 22.571428571428573 
0.4887640449438202 4.610990778027666 0.861847677601827 27.860063975996532 0.4887640449438202 7.379310344827586 2.1782178217821784 178 7 14.833333333333334 
