0.6906499512265616 0.6939349881702135 0.9507290165199493 0.669138750068294 0.6906499512265616 0.824023552130862 0.7213670871786187 0.5325342465753424 0.2558139534883721 0.5187944839857651 
0.7684164325842696 0.7831631382412629 0.9702425503506732 0.7839147816306327 0.7684164325842696 0.8220285444953445 0.7228330692897622 0.547945205479452 0.2558139534883721 0.48805287239450934 
0.6872382155441792 0.7198570408298228 0.9521964178918859 0.6854112029821501 0.6872382155441792 0.7958158995815899 0.6975524664355227 0.5787671232876712 0.23255813953488372 0.37588967971530246 
0.779292525795101 0.8071734120799119 0.9735037633047033 0.8093565897803423 0.779292525795101 0.8423636220099471 0.7295284364526068 0.5659246575342466 0.27906976744186046 0.42005592272496184 
0.714159047632891 0.7999268914864026 0.9623875832527163 0.7572583268005011 0.714159047632891 0.7841401968295125 0.7061339554777875 0.6618150684931506 0.23255813953488372 0.3892768414691466 
0.8125168539325842 0.7319526504827102 0.9739520948384093 0.777464261361078 0.8125168539325842 0.7805849732738084 0.66000960406265 0.4280821917808219 0.23255813953488372 0.6065998058880621 
0.7073665314806197 0.7409407198499431 0.9572157137744772 0.7124369795833856 0.7073665314806197 0.8265486274109602 0.6805761220145988 0.5787671232876712 0.20930232558139536 0.44006596649596386 
0.6883680391079448 0.6753262822557355 0.9487790351366193 0.6544482492878262 0.6883680391079448 0.7983422992628013 0.7552401020294998 0.5077054794520548 0.06976744186046512 0.40583082398029013 
0.6735319629637101 0.6404001356375011 0.943050111148328 0.620914941774146 0.6735319629637101 0.8164328917987296 0.7370432486552899 0.4768835616438356 0.20930232558139536 0.4372514130207243 
0.6702828361100349 0.6663959549592124 0.9448394087445943 0.6380832933776714 0.6702828361100349 0.7932894999003786 0.6933461939165732 0.521404109589041 0.18604651162790697 0.5243370451153714 
0.779292525795101 0.8071734120799119 0.9735037633047033 0.8093565897803423 0.779292525795101 0.8423636220099471 0.7295284364526068 0.5659246575342466 0.27906976744186046 0.42005592272496184 
0.6488723627839301 0.6891555950427211 0.9430164762358767 0.642492921134555 0.6488723627839301 0.8061066224210071 0.6993893205209814 0.5950342465753424 0.06976744186046512 0.45243468448919366 
0.7028992776886035 0.7340799137900432 0.9559529551693096 0.7048473298298453 0.7028992776886035 0.8023658246810269 0.6861851246922308 0.5753424657534246 0.13953488372093023 0.38161580979783444 
0.7375921607424681 0.6489946088443428 0.9549656859559377 0.6626653673989698 0.7375921607424681 0.8566379250560576 0.7607667993113764 0.4083904109589041 0.18604651162790697 0.45468988307066593 
0.6193244249105022 0.6282441370358941 0.9321277732896814 0.5853745391791473 0.6193244249105022 0.7669248933261527 0.6874621441550576 0.5428082191780822 0.20930232558139536 0.49769729956039355 
0.7091461406141346 0.7079222078677987 0.9550255372044746 0.690111271711409 0.7091461406141346 0.8491071428571428 0.7646782247457162 0.5256849315068494 0.4418604651162791 0.4819970692903496 
0.6765783102613445 0.6351606627372727 0.9430942771337351 0.618616795246114 0.6765783102613445 0.7916052334462377 0.7227254487925852 0.4648972602739726 0.20930232558139536 0.46751234071863157 
0.6159638114694294 0.6885986509977198 0.937073072439488 0.624805992424184 0.6159638114694294 0.8219082241580355 0.7459884688929119 0.6592465753424658 0.4186046511627907 0.4670818505338078 
0.6705636808737682 0.72287323665831 0.9495440150985809 0.6776683674550412 0.6705636808737682 0.7823912049192825 0.6754857803268418 0.613013698630137 0.13953488372093023 0.6825114387391967 
0.6333091699891265 0.63529762022889 0.9353649168672146 0.5970300621203186 0.6333091699891265 0.7984423546957206 0.7214721110680837 0.5308219178082192 0.18604651162790697 0.472801220132181 
0.5311941154637784 0.5522757539447317 0.9068983566113102 0.49603479560236874 0.5311941154637784 0.7469883672812544 0.674696484857201 0.5702054794520548 0.06976744186046512 0.3627714430968117 
0.6120146846145289 0.5540808482477901 0.922626281049715 0.5282888281685039 0.6120146846145289 0.7666192994921186 0.7325416290176842 0.4323630136986301 0.09302325581395349 0.4647809547183704 
0.6353475999523563 0.6089550222908506 0.9330984139336644 0.5790779643986381 0.6353475999523563 0.7965328508424743 0.7083927501188335 0.4845890410958904 0.20930232558139536 0.3975463569956921 
0.5637386705603732 0.5705032383104989 0.91545478701358 0.5209590106516245 0.5637386705603732 0.7501543315728102 0.6386876059097264 0.5402397260273972 0.06976744186046512 0.31188216686437326 
0.6174179986994722 0.6780149966504518 0.93641943470547 0.6185200812168783 0.6174179986994722 0.7570367349833345 0.6149834963811341 0.6361301369863014 0.046511627906976744 0.46118513614168666 
0.6649205734211545 0.7212808159908738 0.9484381321381358 0.6733161817780332 0.6649205734211545 0.7851194493183965 0.6793028712320051 0.6207191780821918 0.18604651162790697 0.4961675335340816 
0.7788945715921881 0.7485148444097549 0.9696450532829864 0.765889141518005 0.7788945715921881 0.8481722087645892 0.7982948209905134 0.4871575342465753 0.4883720930232558 0.4898978303294685 
0.6891726251276813 0.7132891098081853 0.9520199519048155 0.6819728664036824 0.6891726251276813 0.8320924078246253 0.6998827696113057 0.565068493150685 0.3953488372093023 0.5033045246568378 
0.7050730674832811 0.6345268527466112 0.9480347740690418 0.6332017518778076 0.7050730674832811 0.846378788229039 0.7640690368249423 0.4272260273972603 0.27906976744186046 0.5327402135231317 
0.7134621049530783 0.66421265631229 0.9521647270657825 0.6604489241621386 0.7134621049530783 0.8107036119887285 0.6545623744597469 0.4571917808219178 0.046511627906976744 0.4750889679715302 
0.691399470174477 0.6178416776843124 0.9440337060801972 0.6131748919293822 0.691399470174477 0.8261326957561267 0.7445357209136736 0.4212328767123288 0.18604651162790697 0.43772241992882555 
0.5912664652213454 0.6592698881877876 0.9299383075720614 0.593239766478597 0.5912664652213454 0.7730457736994272 0.686704978204255 0.6558219178082192 0.20930232558139536 0.37860814551206007 
0.6066196087997195 0.6634616063821012 0.933150368052442 0.6034197935622557 0.6066196087997195 0.762368564671639 0.6885636160683676 0.6309931506849316 0.11627906976744186 0.4683528215556685 
0.6240104698672114 0.667027613878116 0.9366383497746913 0.6144465647454542 0.6240104698672114 0.7899470507646166 0.7317470732825063 0.6027397260273972 0.27906976744186046 0.41755634638196915 
0.8588210773632453 0.8425499331000128 0.9880348385060187 0.9019471841604155 0.8588210773632453 0.7942971669488006 0.6859545517336648 0.5077054794520548 0.13953488372093023 0.40583082398029013 
0.7025856233924461 0.7293716956072104 0.9555488902211207 0.701355177164186 0.7025856233924461 0.8057635983263598 0.7036120484939382 0.5684931506849316 0.023255813953488372 0.5212476449654595 
0.6107631853625591 0.6657236709276904 0.9341134546023215 0.6069679515387518 0.6107631853625591 0.7658286338002547 0.6567689677088236 0.6267123287671232 0.20930232558139536 0.4884341637010676 
0.6749778127564091 0.7043951625075737 0.948856777255393 0.6675050571342529 0.6749778127564091 0.7821538240522922 0.6644524372725015 0.574486301369863 0.046511627906976744 0.2673022786423753 
0.7059312692181245 0.6855136278962011 0.9526721668030784 0.6719190416854228 0.7059312692181245 0.8373039322611989 0.6910995099971478 0.4974315068493151 0.16279069767441862 0.5169039145907474 
0.7008535170789979 0.7193085339084418 0.9544909391996017 0.6932088906181706 0.7008535170789979 0.8303919465007331 0.7713217804960923 0.5556506849315068 0.27906976744186046 0.48116844602609726 
0.6536437727488527 0.627597063974629 0.938281299089336 0.6014505104793912 0.6536437727488527 0.7784551687879252 0.6852464052680437 0.4863013698630137 0.20930232558139536 0.5614867536575722 
0.7398623692702461 0.7166060417716744 0.960889002463987 0.7156160704812167 0.7398623692702461 0.8108881704069988 0.7462925829923432 0.4948630136986301 0.046511627906976744 0.48209519572953735 
0.5667114357781636 0.5979841069959487 0.9191506704306182 0.5411765226215541 0.5667114357781636 0.7268451882845188 0.6516347378285898 0.5873287671232876 0.11627906976744186 0.43594306049822057 
0.6966651685393258 0.7016648377896046 0.952391368709412 0.6781689202198172 0.6966651685393258 0.7739072773460849 0.6499642090193272 0.5351027397260274 0.023255813953488372 0.45085120707896503 
0.6536437727488527 0.627597063974629 0.938281299089336 0.6014505104793912 0.6536437727488527 0.7784551687879252 0.6852464052680437 0.4863013698630137 0.20930232558139536 0.5614867536575722 
0.6488723627839301 0.6891555950427211 0.9430164762358767 0.642492921134555 0.6488723627839301 0.8061066224210071 0.6993893205209814 0.5950342465753424 0.06976744186046512 0.45243468448919366 
0.7203569068076668 0.7567767625639165 0.9605359078990405 0.7318626973242947 0.7203569068076668 0.8321328949990038 0.7215414641217185 0.5821917808219178 0.4418604651162791 0.5185561769191662 
0.7788945715921881 0.7485148444097549 0.9696450532829864 0.765889141518005 0.7788945715921881 0.8481722087645892 0.7982948209905134 0.4871575342465753 0.4883720930232558 0.4898978303294685 
0.7328030227702098 0.7017413747572496 0.9585571189836608 0.7001126177092424 0.7328030227702098 0.7908342664073703 0.6933461939165732 0.4837328767123288 0.2558139534883721 0.44353150512874184 
0.6300411778095061 0.5914723631839153 0.9302726460705711 0.5638376323590757 0.6300411778095061 0.801091194370483 0.709403094160555 0.4648972602739726 0.20930232558139536 0.4025800711743772 
0.7082373373976536 0.7184376022539186 0.9556844136373591 0.6970952644966469 0.7082373373976536 0.7969642630730497 0.6989311795966157 0.5428082191780822 0.18604651162790697 0.4230427046263345 
0.6829638627391437 0.6694593097701136 0.9473314557637593 0.6471940502319219 0.6829638627391437 0.8276995494045702 0.7679206765820938 0.5068493150684932 0.11627906976744186 0.5097003788313627 
0.7006793833289783 0.6412240417442764 0.9478928233846916 0.6359374677113946 0.7006793833289783 0.829331443739596 0.7502673276951491 0.4417808219178082 0.23255813953488372 0.4442658707381471 
0.6742626404494382 0.6872024375081438 0.9473230634475194 0.6550569885733308 0.6742626404494382 0.8382355158505786 0.7700561623345469 0.547945205479452 0.2558139534883721 0.4166305008245812 
0.755387424011443 0.7435711363172544 0.9654406619999749 0.7458124646660479 0.755387424011443 0.8118236906651276 0.7219384739069777 0.5111301369863014 0.18604651162790697 0.3793848500254194 
0.7628021790943138 0.7894952112834188 0.9697341498650986 0.7843723182442857 0.7628021790943138 0.7953037915381012 0.6754784394465662 0.565068493150685 0.11627906976744186 0.451683547768957 
0.6350047921042435 0.6005074635265063 0.9321509710083297 0.5727389226957942 0.6350047921042435 0.8370804277080427 0.7559619563683572 0.4717465753424658 0.09302325581395349 0.4325413439397111 
0.7003923666845014 0.7082348386973788 0.9535524869770167 0.6850698279452698 0.7003923666845014 0.7788712144950509 0.7076402139152401 0.5393835616438356 0.3023255813953488 0.6227758007117437 
0.7083412683298419 0.7593198983535817 0.9586921732586167 0.7258059736435879 0.7083412683298419 0.8246051052512082 0.8086255058338092 0.6061643835616438 0.2558139534883721 0.4499237417386884 
0.748059095227176 0.7893390212346524 0.9673141493566425 0.7736382026408338 0.748059095227176 0.8380182578927349 0.7492893028260663 0.5873287671232876 0.32558139534883723 0.5086002372479241 
0.6283426435292367 0.5822238318227019 0.9289405936068855 0.5562366336260771 0.6283426435292367 0.8454574371773227 0.7487050844308178 0.4529109589041096 0.3023255813953488 0.48686955454657016 
0.6195216505683685 0.6527549089472144 0.9345185421172163 0.6024750643541935 0.6195216505683685 0.8104180261794173 0.7245482245753763 0.5856164383561644 0.16279069767441862 0.44527384775627116 
0.6133561462614432 0.6236602221337187 0.9305754471429408 0.5793753849562036 0.6133561462614432 0.7707404400591187 0.6912679774677288 0.5453767123287672 0.20930232558139536 0.47227164887307227 
0.592213450388181 0.6248933918107664 0.9267867078632824 0.5705822400518774 0.592213450388181 0.7418730355748634 0.6390939886839404 0.5873287671232876 0.11627906976744186 0.3736654804270462 
0.7928740390301596 0.6821065606588711 0.9670309073934453 0.7235996755460795 0.7928740390301596 0.8500112475817698 0.7535816916166111 0.3904109589041096 0.32558139534883723 0.5291660219712208 
0.6083712153701004 0.6272705741730203 0.9300194137341673 0.5795884021491853 0.6083712153701004 0.7563486070007143 0.6120127841162711 0.5607876712328768 0.023255813953488372 0.5827402135231317 
0.5720736737306216 0.5793968221660234 0.91808673016911 0.5305065403020839 0.5720736737306216 0.7501777117919648 0.6418336780750088 0.541095890410959 0.06976744186046512 0.3066968618570042 
