0.3553054662379421 6.265880147217357 0.3553054662379421 6.212669683257919 1.8161290322580645 622 11 19.4375 
0.3953125 7.071564978843084 0.3953125 6.1976284584980235 1.8198198198198199 640 11 18.285714285714285 
0.35355029585798814 6.499943103984033 0.35355029585798814 6.0 1.7561728395061729 676 10 14.083333333333334 
0.4009077155824508 7.28836554480322 0.4009077155824508 6.350943396226415 1.836676217765043 661 12 15.738095238095237 
0.36739974126778785 7.2229331479687575 0.36739974126778785 5.911971830985915 1.7777777777777777 773 10 14.584905660377359 
0.418 6.609160309751913 0.418 5.885167464114833 1.6616541353383458 500 10 22.727272727272727 
0.363905325443787 6.6903180066111805 0.363905325443787 6.2317073170731705 1.7134328358208955 676 9 16.48780487804878 
0.35413153456998314 6.097852993459931 0.35413153456998314 6.019047619047619 1.9014084507042253 593 3 15.205128205128204 
0.3464991023339318 5.782487645920605 0.3464991023339318 6.155440414507772 1.855595667870036 557 9 16.38235294117647 
0.3448275862068966 6.017216678143154 0.3448275862068966 5.980952380952381 1.745583038869258 609 8 19.64516129032258 
0.4009077155824508 7.28836554480322 0.4009077155824508 6.350943396226415 1.836676217765043 661 12 15.738095238095237 
0.3338129496402878 6.2227246571155135 0.3338129496402878 6.077586206896552 1.760797342192691 695 3 16.951219512195124 
0.36160714285714285 6.628368415918269 0.36160714285714285 6.049382716049383 1.7275541795665634 672 6 14.297872340425531 
0.37945492662473795 5.8600913695554935 0.37945492662473795 6.458563535911602 1.9153225806451613 477 8 17.035714285714285 
0.3186119873817035 5.672725158647477 0.3186119873817035 5.782178217821782 1.7307692307692308 634 9 18.647058823529413 
0.36482084690553745 6.392177629995915 0.36482084690553745 6.401785714285714 1.9251700680272108 614 19 18.058823529411764 
0.34806629834254144 5.735177869375122 0.34806629834254144 5.968253968253968 1.8195488721804511 543 9 17.516129032258064 
0.3168831168831169 6.217695735539032 0.3168831168831169 6.19672131147541 1.8781163434903048 770 18 17.5 
0.34497206703910616 6.527177818883871 0.34497206703910616 5.898785425101215 1.7006172839506173 716 6 25.571428571428573 
0.3258064516129032 5.736414525895355 0.3258064516129032 6.01980198019802 1.8163934426229509 620 8 17.714285714285715 
0.2732732732732733 4.986769281595838 0.2732732732732733 5.631868131868132 1.6986301369863013 666 3 13.591836734693878 
0.31485148514851485 5.003068365444043 0.31485148514851485 5.779874213836478 1.8442622950819672 505 4 17.413793103448278 
0.32685512367491165 5.4985542590693175 0.32685512367491165 6.005405405405406 1.7834645669291338 566 9 14.894736842105264 
0.2900158478605388 5.151354198581117 0.2900158478605388 5.655737704918033 1.6079734219269104 631 3 11.685185185185185 
0.31763122476446837 6.122130717504101 0.31763122476446837 5.7076271186440675 1.5482954545454546 743 2 17.27906976744186 
0.34206896551724136 6.512799069842239 0.34206896551724136 5.919354838709677 1.7102272727272727 725 8 18.58974358974359 
0.4007029876977153 6.758708500707776 0.4007029876977153 6.394736842105263 2.0098039215686274 569 21 18.35483870967742 
0.35454545454545455 6.44063802598921 0.35454545454545455 6.273504273504273 1.7620396600566572 660 17 18.857142857142858 
0.3627254509018036 5.729454887387912 0.3627254509018036 6.3812154696132595 1.9236363636363636 499 12 19.96 
0.36704119850187267 5.997502601348625 0.36704119850187267 6.112244897959184 1.647940074906367 534 2 17.8 
0.3556910569105691 5.57879623930421 0.3556910569105691 6.228571428571429 1.8744588744588744 492 8 16.4 
0.304177545691906 5.952871918083494 0.304177545691906 5.828326180257511 1.728862973760933 766 9 14.185185185185185 
0.3120759837177748 5.990721002312168 0.3120759837177748 5.747826086956522 1.7335423197492164 737 5 17.547619047619047 
0.3210227272727273 6.022920237045994 0.3210227272727273 5.95575221238938 1.8422619047619047 704 12 15.644444444444444 
0.4418212478920742 7.607797544221437 0.4418212478920742 5.988549618320611 1.7269736842105263 593 6 15.205128205128204 
0.3614457831325301 6.5858555993814205 0.3614457831325301 6.075 1.7714285714285714 664 1 19.529411764705884 
0.31420765027322406 6.0111462951271415 0.31420765027322406 5.773913043478261 1.6534954407294833 732 9 18.3 
0.3472429210134128 6.360330203539954 0.3472429210134128 5.896995708154506 1.6728395061728396 671 2 10.014925373134329 
0.36316695352839934 6.189839545355448 0.36316695352839934 6.312796208530806 1.73992673992674 581 7 19.366666666666667 
0.3605546995377504 6.4949903653444165 0.3605546995377504 6.260683760683761 1.9418960244648318 649 12 18.02777777777778 
0.3362676056338028 5.666882417875649 0.3362676056338028 5.869109947643979 1.7251908396946565 568 9 21.037037037037038 
0.3806228373702422 6.470588235294118 0.3806228373702422 6.113636363636363 1.8788819875776397 578 2 18.0625 
0.2915451895043732 5.3994924715603885 0.2915451895043732 5.48 1.6405693950177935 686 5 16.333333333333332 
0.3584 6.335676759431466 0.3584 5.834821428571429 1.6363636363636365 625 1 16.89189189189189 
0.3362676056338028 5.666882417875649 0.3362676056338028 5.869109947643979 1.7251908396946565 568 9 21.037037037037038 
0.3338129496402878 6.2227246571155135 0.3338129496402878 6.077586206896552 1.760797342192691 695 3 16.951219512195124 
0.37058823529411766 6.8333094212876695 0.37058823529411766 6.273809523809524 1.816568047337278 680 19 19.428571428571427 
0.4007029876977153 6.758708500707776 0.4007029876977153 6.394736842105263 2.0098039215686274 569 21 18.35483870967742 
0.3769911504424779 6.336367849337971 0.3769911504424779 5.962441314553991 1.745583038869258 565 11 16.61764705882353 
0.3241252302025783 5.340694735502759 0.3241252302025783 6.0397727272727275 1.786008230452675 543 9 15.083333333333334 
