0.6208012236013883 0.345648642200025 0.6208012236013883 0.6979696824199191 0.667460381885254 0.16352739726027396 0.0 0.42482206405693945 
0.7379317519766958 0.3089539007092198 0.7379317519766958 0.6243596285335238 0.5239664190912305 0.09246575342465753 0.0 0.25962471692009054 
0.7085847124591796 0.40672924878158356 0.7085847124591796 0.7348750424064231 0.6662715547653317 0.1738013698630137 0.023255813953488372 0.4167807281686285 
0.8013995663315592 0.34472051990287034 0.8013995663315592 0.6575358319237959 0.646191614107938 0.0976027397260274 0.023255813953488372 0.304270462633452 
0.6837558579413924 0.3885914185345887 0.6837558579413924 0.699181111775254 0.659352580927384 0.1703767123287671 0.0 0.33196174377224197 
0.5907688918263934 0.3399368999844347 0.5907688918263934 0.7573086786340937 0.7078313928707629 0.17465753424657535 0.0 0.28657051882374973 
0.7840619393824946 0.34457951904603984 0.7840619393824946 0.7239714086471408 0.6170791151106112 0.10188356164383562 0.0 0.45373665480427045 
0.8009711478742024 0.45520709028337525 0.8009711478742024 0.6922951321563425 0.5584400959781017 0.1703767123287671 0.0 0.33196174377224197 
0.8713676869430453 0.3274361947111313 0.8713676869430453 0.6427743804312841 0.5296004666083406 0.07448630136986302 0.0 0.3736654804270462 
0.7510214504596526 0.34762012732569286 0.7510214504596526 0.6657806218721798 0.5650314837405888 0.11301369863013698 0.0 0.35231316725978645 
0.7606253053248656 0.29392077960834073 0.7606253053248656 0.6152835890283589 0.5328297377461964 0.07876712328767123 0.0 0.24021352313167257 
0.7487307532251353 0.35047590285635 0.7487307532251353 0.6759333762471837 0.6792701636933064 0.11558219178082192 0.046511627906976744 0.514743263853584 
0.8778542950344327 0.39382101597740615 0.8778542950344327 0.6773909145248057 0.7022962709371473 0.10616438356164383 0.0 0.27580071174377224 
0.6839367457344986 0.28634751773049644 0.6839367457344986 0.6596894957057917 0.6289005540974044 0.09246575342465753 0.0 0.4117946110828673 
0.6860541969596827 0.30150707916528485 0.6860541969596827 0.6473899183104205 0.559987378626852 0.10188356164383562 0.0 0.3529062870699881 
0.7613295880149812 0.33599200139289026 0.7613295880149812 0.7365530134425354 0.6620005832604258 0.10273972602739725 0.0 0.4575495678698525 
0.629351630134463 0.3960535240260603 0.629351630134463 0.7253005667072718 0.6630431038639855 0.2089041095890411 0.023255813953488372 0.4341637010676156 
0.7837984777093149 0.35162590712268404 0.7837984777093149 0.6790962343096234 0.6505867801007632 0.10616438356164383 0.0 0.3309608540925267 
0.7590155163188871 0.3133364444392426 0.7590155163188871 0.6793550362281865 0.5863433737449486 0.0898972602739726 0.0 0.3084223013048636 
0.7417208752217623 0.2605031058642553 0.7417208752217623 0.6586062617226951 0.6206255468066492 0.06506849315068493 0.0 0.3291814946619217 
0.6605214355841605 0.3819320761371799 0.6605214355841605 0.6688643156007172 0.5526265738521815 0.17636986301369864 0.023255813953488372 0.3054567022538553 
0.7499778819782358 0.34049906474117586 0.7499778819782358 0.6306976347024165 0.6086134394491011 0.10873287671232877 0.0 0.3389679715302491 
0.7502464025231618 0.3227170824622616 0.7502464025231618 0.6541365538227463 0.5663782767894753 0.0976027397260274 0.0 0.2491103202846975 
0.6428381845527736 0.29185634120672216 0.6428381845527736 0.6347579199043634 0.5156636122239106 0.10873287671232877 0.0 0.48423995932892727 
0.6955827274730116 0.40024828546554414 0.6955827274730116 0.7086031982575801 0.641026307355145 0.17465753424657535 0.0 0.38891713268937467 
0.7896769662921348 0.31170997069593154 0.7896769662921348 0.6631799163179917 0.5390576177977753 0.0821917808219178 0.0 0.31027580071174377 
0.7575914721982138 0.42620446034376946 0.7575914721982138 0.6858676502972914 0.6170102523592318 0.16695205479452055 0.023255813953488372 0.400355871886121 
0.5665405680085822 0.32197574678580204 0.5665405680085822 0.6837613619968258 0.5545074192458616 0.1703767123287671 0.0 0.33196174377224197 
0.6539118728317713 0.38807413399148893 0.6539118728317713 0.6940677480369117 0.5997725284339457 0.1857876712328767 0.046511627906976744 0.28959074733096085 
0.6577573487685847 0.3728755537911169 0.6577573487685847 0.6770374071067258 0.5742135493932823 0.1695205479452055 0.0 0.37747839349262835 
0.7543182961596512 0.35178121799965983 0.7543182961596512 0.7192951400064371 0.6454505686789151 0.11472602739726027 0.0 0.44706405693950174 
0.8136921870917168 0.37232363714183797 0.8136921870917168 0.6361614752828142 0.6106214335148404 0.11044520547945205 0.0 0.28692170818505336 
0.8246510044262854 0.33056235732012834 0.8246510044262854 0.6694959155210201 0.5662217754695557 0.08476027397260275 0.023255813953488372 0.3236209964412811 
0.76682816204515 0.32253504550405926 0.76682816204515 0.6940254938211541 0.6000260605722157 0.09332191780821918 0.0 0.28825622775800713 
0.6835411779232005 0.2626945035413525 0.6835411779232005 0.6963389121338912 0.6927913080632362 0.0779109589041096 0.0 0.263938315539739 
0.7908680326063009 0.4550768177210981 0.7908680326063009 0.7239048243181933 0.6289005540974044 0.17465753424657535 0.0 0.38891713268937467 
0.7548816406676121 0.30864772684486474 0.7548816406676121 0.6996548117154812 0.5799125109361329 0.08818493150684932 0.0 0.22019572953736655 
0.866267708842208 0.33474311010949914 0.866267708842208 0.6664149403000306 0.6178672110430641 0.07876712328767123 0.0 0.2698695136417556 
0.805974239517676 0.3601134349931421 0.805974239517676 0.707391910739191 0.6020067804024497 0.1053082191780822 0.0 0.410364768683274 
0.6860541969596827 0.3947654322399887 0.6860541969596827 0.7313400743840075 0.6525434320709911 0.17465753424657535 0.023255813953488372 0.32028469750889677 
0.7775280898876404 0.34314076737997307 0.7775280898876404 0.6631799163179917 0.5989529086641947 0.10273972602739725 0.0 0.2911679068262698 
0.6074438202247191 0.2589886529729032 0.6074438202247191 0.6214943215780036 0.5693205016039662 0.0958904109589041 0.0 0.24688612099644128 
0.6752217622708456 0.2651391386352533 0.6752217622708456 0.6189679218967922 0.5560804899387576 0.08133561643835617 0.0 0.16192170818505336 
0.6955827274730116 0.40024828546554414 0.6955827274730116 0.7195047859230813 0.6037445319335083 0.17465753424657535 0.046511627906976744 0.38891713268937467 
0.7775280898876404 0.3706343894070493 0.7775280898876404 0.720023909145248 0.6265695661281776 0.11986301369863013 0.0 0.4151838671411625 
1.011579912864022 0.4034398949454816 1.011579912864022 0.6475756829928625 0.5395929282424602 0.0839041095890411 0.0 0.27580071174377224 
0.7151791392834428 0.4195158521259012 0.7151791392834428 0.7362997532453599 0.6269534935584031 0.1815068493150685 0.046511627906976744 0.3772241992882562 
0.7678089887640449 0.4374554154997085 0.7678089887640449 0.720263757216249 0.6606495616619351 0.17123287671232876 0.0 0.44483985765124556 
0.7775280898876404 0.43177599695175845 0.7775280898876404 0.710300594582691 0.6324355086682125 0.16267123287671234 0.0 0.3622267412302999 
0.7553705536473191 0.4227701467529174 0.7553705536473191 0.7374560669456066 0.7039491350709873 0.16523972602739725 0.0 0.468295050145584 
