0.3193717277486911 3.12103151158957 0.7826846641725932 14.805756425730353 0.3193717277486911 5.262295081967213 1.6804123711340206 191 0 15.916666666666666 
0.37962962962962965 2.7896966515030637 0.7931371178131622 14.238281003534858 0.37962962962962965 4.7073170731707314 1.3191489361702127 108 0 9.727272727272727 
0.3645320197044335 3.672558335692442 0.8100693084705873 18.357175481164184 0.3645320197044335 5.54054054054054 1.6774193548387097 203 1 15.615384615384615 
0.41228070175438597 3.112651039102853 0.8129194001605241 16.730006647387235 0.41228070175438597 4.957446808510638 1.626865671641791 114 1 11.4 
0.35175879396984927 3.5087829498195986 0.8026167739679504 17.275599421189757 0.35175879396984927 5.271428571428571 1.66 199 0 12.4375 
0.30392156862745096 3.0694573832276904 0.7760513846664416 14.301800211839844 0.30392156862745096 5.709677419354839 1.7820512820512822 204 0 10.736842105263158 
0.40336134453781514 3.1113778730503894 0.8100232221426611 16.506031693896325 0.40336134453781514 5.458333333333333 1.5535714285714286 119 0 17 
0.4120603015075377 4.110288598360101 0.8325081198197604 21.903327798133645 0.4120603015075377 5.219512195121951 1.4059405940594059 199 0 12.4375 
0.4482758620689655 2.956582369957723 0.8203396820517984 16.72804006074198 0.4482758620689655 4.846153846153846 1.3333333333333333 87 0 14 
0.38636363636363635 3.1388330199729846 0.8052396339357706 16.2561916326964 0.38636363636363635 5.019607843137255 1.4225352112676057 132 0 13.2 
0.391304347826087 2.6539552107881486 0.7925003297687895 13.686479295580144 0.391304347826087 4.638888888888889 1.3414634146341464 92 0 9 
0.3851851851851852 3.16461922114096 0.805509150261973 16.364589771290348 0.3851851851851852 5.096153846153846 1.710144927536232 135 2 19.285714285714285 
0.45161290322580644 3.556003556005334 0.8350864230541876 20.383503937069257 0.45161290322580644 5.107142857142857 1.7681159420289856 124 0 10.333333333333334 
0.35185185185185186 2.5855725062711326 0.776908203395359 12.667747407391946 0.35185185185185186 4.973684210526316 1.5833333333333333 108 0 15.428571428571429 
0.35294117647058826 2.7224556389190906 0.7820826609043943 13.414107444502623 0.35294117647058826 4.880952380952381 1.4098360655737705 119 0 13.222222222222221 
0.39166666666666666 3.0338369545291433 0.8042097633932858 15.814508146389821 0.39166666666666666 5.553191489361702 1.6666666666666667 120 0 17.142857142857142 
0.3237704918032787 3.576161968679482 0.7948543092355462 16.929794828111522 0.3237704918032787 5.468354430379747 1.669291338582677 244 1 16.266666666666666 
0.4032258064516129 3.1750031750047625 0.8115756210886641 16.849743746999202 0.4032258064516129 5.12 1.6379310344827587 124 0 12.4 
0.3904761904761905 2.8292687933036524 0.7979380543236932 14.664812117783674 0.3904761904761905 5.121951219512195 1.4761904761904763 105 0 11.555555555555555 
0.3815789473684211 2.352210606396057 0.7775347880836833 11.768984584288487 0.3815789473684211 4.9655172413793105 1.5625 76 0 12.333333333333334 
0.33980582524271846 3.4486524735750264 0.7974087811831704 16.722281610280966 0.33980582524271846 5.042857142857143 1.391304347826087 206 1 11.444444444444445 
0.3858267716535433 3.074533445176977 0.8034000810971557 15.903815019693779 0.3858267716535433 4.755102040816326 1.532258064516129 127 0 12.7 
0.38596491228070173 2.9139711855430965 0.7989930479372223 15.041973317582036 0.38596491228070173 4.931818181818182 1.4259259259259258 114 0 9.333333333333334 
0.33070866141732286 2.6353143815802658 0.7715782961256029 12.625353487168164 0.33070866141732286 4.785714285714286 1.2982456140350878 127 0 18.142857142857142 
0.35784313725490197 3.6140385318648613 0.8067624359951724 17.912570612786684 0.35784313725490197 5.342465753424658 1.613861386138614 204 0 14.571428571428571 
0.40625 2.814582562299426 0.8026472767739246 14.899960489477722 0.40625 5.0 1.3571428571428572 96 0 11.625 
0.38974358974358975 3.8484095949179333 0.8213035658713256 19.90440801215884 0.38974358974358975 5.171052631578948 1.5533980582524272 195 1 15 
0.2914572864321608 2.907277301279096 0.767090342422847 13.373110637615936 0.2914572864321608 5.155172413793103 1.396039603960396 199 0 12.4375 
0.33640552995391704 3.504112133382431 0.7974983831847424 16.89682542415015 0.33640552995391704 5.232876712328767 1.51 217 2 10.85 
0.3383838383838384 3.3668766811183604 0.7950983932894822 16.315852274780113 0.3383838383838384 5.104477611940299 1.4456521739130435 198 0 14.142857142857142 
0.3880597014925373 3.1764055532639355 0.8067319226367978 16.49312439688332 0.3880597014925373 5.423076923076923 1.625 134 0 16.75 
0.4186046511627907 3.361893154369328 0.8208102936204223 18.27225030198924 0.4186046511627907 4.796296296296297 1.537313432835821 129 0 10.75 
0.42424242424242425 2.984810028978546 0.8133998111439669 16.29269391563071 0.42424242424242425 5.0476190476190474 1.425531914893617 99 1 12.125 
0.3944954128440367 2.9123274843579643 0.8017312316447504 15.209009599607647 0.3944954128440367 5.232558139534884 1.5106382978723405 109 0 10.8 
0.3516483516483517 2.3719978133155237 0.7683094314493212 11.492731869450783 0.3516483516483517 5.25 1.744186046511628 91 0 9.88888888888889 
0.4068627450980392 4.109112303353198 0.8309027650582266 21.713110096886247 0.4068627450980392 5.457831325301205 1.5833333333333333 204 0 14.571428571428571 
0.3883495145631068 2.786932057166471 0.7959212854693812 14.386888332832203 0.3883495145631068 5.275 1.46 103 0 8.25 
0.44565217391304346 3.022560101175391 0.8212617647700411 17.06302372952555 0.44565217391304346 5.024390243902439 1.5555555555555556 92 0 10.11111111111111 
0.4146341463414634 3.251641236623025 0.8170563183712525 17.560174515732736 0.4146341463414634 5.333333333333333 1.515625 123 0 15.375 
0.35294117647058826 3.5645311547160277 0.8041687897163555 17.56186571062272 0.35294117647058826 5.513888888888889 1.6428571428571428 204 1 12 
0.4 3.0983866769659336 0.8086073499227193 16.355286314205028 0.4 5.0 1.507936507936508 120 0 10.909090909090908 
0.3125 2.3385358667337135 0.7534913451221344 10.867464246057901 0.3125 4.685714285714286 1.4333333333333333 112 0 9.25 
0.3473684210526316 2.3940716253630385 0.7678089778657962 11.562246775062249 0.3473684210526316 4.666666666666667 1.4 95 0 6.066666666666666 
0.35784313725490197 3.6140385318648613 0.8067624359951724 17.912570612786684 0.35784313725490197 5.424657534246576 1.52 204 2 14.571428571428571 
0.4 3.3466401061363023 0.814577694314367 17.68375000471983 0.4 5.428571428571429 1.5774647887323943 140 0 15.555555555555555 
0.5204081632653061 3.642857142857143 0.8575471147865966 23.669058876102614 0.5204081632653061 4.882352941176471 1.3584905660377358 98 0 10.333333333333334 
0.36792452830188677 3.78801486319333 0.8133368162648246 18.98323823470085 0.36792452830188677 5.551282051282051 1.5784313725490196 212 2 14.133333333333333 
0.395 3.95 0.824685942758806 20.554097476562752 0.395 5.430379746835443 1.663265306122449 200 0 16.666666666666668 
0.4 3.898717737923586 0.8253694438461251 20.468668526534305 0.4 5.355263157894737 1.5922330097087378 190 0 13.571428571428571 
0.38860103626943004 3.817399489194657 0.8203956452991844 19.721395134747784 0.38860103626943004 5.56 1.7722772277227723 193 0 17.545454545454547 
0.42016806722689076 3.241018617760822 0.8185649546547199 17.649539139213587 0.42016806722689076 5.18 1.6724137931034482 119 0 9.916666666666666 
0.31840796019900497 3.192029875544425 0.7842059160203474 15.113577990002359 0.31840796019900497 5.625 1.7830188679245282 201 0 14.357142857142858 
0.391304347826087 2.9672121302810415 0.80225857542106 15.444045842467224 0.391304347826087 4.977777777777778 1.4313725490196079 115 2 10.363636363636363 
0.39344262295081966 3.0728851183895034 0.8058251566470479 16.065475357982997 0.39344262295081966 4.708333333333333 1.5238095238095237 122 0 11.090909090909092 
0.4074074074074074 2.9938207967349952 0.8082194732167989 15.947686680073256 0.4074074074074074 5.2727272727272725 1.4285714285714286 108 0 9.545454545454545 
0.32989690721649484 2.297466107576762 0.7575857620481944 10.831014700969472 0.32989690721649484 5.0625 1.4146341463414633 97 0 9.6 
0.4166666666666667 3.3850160019316498 0.8207036141883526 18.342995668814886 0.4166666666666667 5.363636363636363 1.7066666666666668 132 0 12 
0.31932773109243695 2.463174149498225 0.7611408587724259 11.591415087752189 0.31932773109243695 5.526315789473684 1.6774193548387097 119 1 11.9 
0.4044943820224719 2.698314080385101 0.798353585204755 14.187781097276595 0.4044943820224719 5.527777777777778 1.7317073170731707 89 2 9.666666666666666 
0.3473684210526316 2.3940716253630385 0.7678089778657962 11.562246775062249 0.3473684210526316 5.151515151515151 1.653061224489796 95 0 9.2 
0.35071090047393366 3.602263637983142 0.8042188312657406 17.679995585513232 0.35071090047393366 5.54054054054054 1.6224489795918366 211 0 14.066666666666666 
