0.6501514744794262 0.4483466915238981 0.6501514744794262 0.7091964819400564 0.6409991854466467 0.2508561643835616 0.046511627906976744 0.34001237815256075 
0.8733105357433643 0.41330803666824883 0.8733105357433643 0.7658658388446484 0.6637426900584795 0.11815068493150685 0.0 0.46040925266903915 
0.8579620302208446 0.41621495107667383 0.8579620302208446 0.7813088389121339 0.7055532532117695 0.12414383561643835 0.046511627906976744 0.430011862396204 
0.794602186456119 0.5507585128624659 0.794602186456119 0.8265085238078772 0.7091377975658801 0.2534246575342466 0.09302325581395349 0.35910708508573275 
0.862489768583972 0.4269804915575235 0.862489768583972 0.7839380503341036 0.7189829119461333 0.1292808219178082 0.06976744186046512 0.5037811387900356 
0.9256286784376672 0.452127659574468 0.9256286784376672 0.8147638971906754 0.6878347523632716 0.12585616438356165 0.046511627906976744 0.5604982206405693 
0.6607705714391664 0.4633803510791731 0.6607705714391664 0.752033147824674 0.6306692579458102 0.2594178082191781 0.023255813953488372 0.5391459074733096 
0.647940074906367 0.5387722869489913 0.647940074906367 0.7920796747009252 0.7161064001615183 0.3647260273972603 0.023255813953488372 0.5414336553126589 
0.7466329339980653 0.3696249031393487 0.7466329339980653 0.8301183090463137 0.7552401020294998 0.1292808219178082 0.0 0.3358540925266904 
0.6630788617032447 0.3907848128110963 0.6630788617032447 0.775829655528171 0.6973072810343152 0.1832191780821918 0.023255813953488372 0.5192494338401811 
0.7415314190595089 0.49088193111301703 0.7415314190595089 0.7764999796888329 0.6918973837947675 0.23116438356164384 0.023255813953488372 0.32756389517955353 
0.7045287277366175 0.42951867875026734 0.7045287277366175 0.7191107526339668 0.6132215929149206 0.19606164383561644 0.0 0.40747330960854095 
0.9062405101730945 0.44416050359747916 0.9062405101730945 0.7496816445333818 0.7078313928707629 0.1267123287671233 0.023255813953488372 0.49377224199288255 
0.7407167138075097 0.6209572468316911 0.7407167138075097 0.7371345251679979 0.6068338679887235 0.3707191780821918 0.11627906976744186 0.46227758007117437 
0.7383847993212146 0.6218549180392641 0.7383847993212146 0.7910218278973635 0.7691549149576641 0.3741438356164384 0.18604651162790697 0.4319889284302096 
0.7575181758096496 0.3559001075353657 0.7575181758096496 0.7858056366937712 0.6905175314624133 0.11643835616438356 0.023255813953488372 0.45373665480427045 
0.668945613494354 0.5396704068269985 0.668945613494354 0.7727487720574859 0.6975707638535233 0.3433219178082192 0.023255813953488372 0.5096593797661413 
0.7636436597110754 0.5147962483923679 0.7636436597110754 0.7512019779383796 0.6466052208590205 0.23972602739726026 0.09302325581395349 0.5338078291814946 
0.7147679750088174 0.6081323722567408 0.7147679750088174 0.802285947545668 0.7226596675415572 0.3818493150684932 0.06976744186046512 0.5410870268521514 
0.706010175959296 0.4141374437653127 0.706010175959296 0.7131337281964897 0.617387500475484 0.1815068493150685 0.023255813953488372 0.3736654804270462 
0.9296531509526136 0.5080371422932531 0.9296531509526136 0.8108881704069988 0.7613006707494896 0.15753424657534246 0.0 0.3507880020335536 
0.6994320013889922 0.599736122142256 0.6994320013889922 0.7958158995815899 0.7409956108427622 0.3878424657534247 0.0 0.5037811387900356 
0.7801727432546052 0.38107902735562305 0.7801727432546052 0.7373661442450891 0.6730339263147662 0.12585616438356165 0.11627906976744186 0.43594306049822057 
0.733759952377409 0.36325205998177373 0.733759952377409 0.7865081112823901 0.8319737059894541 0.1292808219178082 0.06976744186046512 0.36638628275638946 
0.8003965631196298 0.3988563749984038 0.8003965631196298 0.7158132430098958 0.695100612423447 0.1309931506849315 0.046511627906976744 0.37123908120349397 
0.7615514853009081 0.5861534277761485 0.7615514853009081 0.7846856072797495 0.7259178809545359 0.3125 0.16279069767441862 0.3608145512060103 
0.7622824410663142 0.43862825804443195 0.7622824410663142 0.7908420502092051 0.7238697966492507 0.17465753424657535 0.06976744186046512 0.45373665480427045 
0.7549658908507223 0.643771794532645 0.7549658908507223 0.8026763814745347 0.7454068241469816 0.3835616438356164 0.16279069767441862 0.498220640569395 
0.5547432148170951 0.46772939182979567 0.5547432148170951 0.7692887029288702 0.6474365704286963 0.375 0.046511627906976744 0.5082778895249884 
0.824108113705794 0.4890797305098216 0.824108113705794 0.8188830271056939 0.7807041361209158 0.1857876712328767 0.06976744186046512 0.5265286315108378 
0.656785673198604 0.45292165776393795 0.656785673198604 0.7864375977346688 0.6584462177127187 0.2508561643835616 0.09302325581395349 0.5585917641077782 
0.745259137540525 0.47756575541824264 0.745259137540525 0.8258982875382823 0.8014307946020022 0.2166095890410959 0.09302325581395349 0.5194360799343005 
0.6612996640796942 0.4544754244467768 0.6612996640796942 0.7650014792274206 0.719925634295713 0.24914383561643835 0.023255813953488372 0.38834519572953735 
0.7593793998288381 0.6171938977691014 0.7593793998288381 0.804157785321439 0.7245228605683549 0.348458904109589 0.046511627906976744 0.6389993719907892 
0.7045287277366175 0.42951867875026734 0.7045287277366175 0.7191107526339668 0.6132215929149206 0.19606164383561644 0.0 0.40747330960854095 
0.6984289119120579 0.6047958522552189 0.6984289119120579 0.7398850632656148 0.6512799260416334 0.3955479452054795 0.09302325581395349 0.45670225385527874 
0.8799726692985119 0.43128628610190006 0.8799726692985119 0.8037344657465809 0.7282006415864682 0.1267123287671233 0.023255813953488372 0.35910708508573275 
0.744441788190294 0.5815543029500316 0.744441788190294 0.7755520688052069 0.6721852076182785 0.3219178082191781 0.11627906976744186 0.4363298777657435 
0.6541256603470006 0.5394283967559831 0.6541256603470006 0.8202735986231046 0.7358273764166575 0.3587328767123288 0.20930232558139536 0.4659697508896797 
0.7961038463013382 0.5489959488047732 0.7961038463013382 0.7493933054393306 0.6894263217097862 0.2508561643835616 0.046511627906976744 0.460016746912288 
0.7411688626626789 0.4978576342971254 0.7411688626626789 0.767036393779111 0.7235820328660467 0.238013698630137 0.11627906976744186 0.43646640150722205 
0.8003965631196298 0.3988563749984038 0.8003965631196298 0.7789732350401806 0.7600747437434519 0.1309931506849315 0.046511627906976744 0.5104537366548042 
0.7074447756630742 0.48868815918629555 0.7074447756630742 0.7425135885504243 0.6840672693691067 0.2517123287671233 0.023255813953488372 0.43594306049822057 
0.6522886660131212 0.5555961163094555 0.6522886660131212 0.8028898186889819 0.7248057668005174 0.3827054794520548 0.11627906976744186 0.41140017180022087 
0.766576990030068 0.36801503227831656 0.766576990030068 0.720023909145248 0.6332179492056246 0.12157534246575342 0.0 0.4211150652431791 
0.7794061770612821 0.45176712421282006 0.7794061770612821 0.7526692544235519 0.6633655329166328 0.17722602739726026 0.046511627906976744 0.5022646392753154 
0.6768659711075441 0.5771747123396128 0.6768659711075441 0.7669080570754211 0.7164115901037484 0.3835616438356164 0.13953488372093023 0.597864768683274 
0.9914787723399442 0.4875758223142017 0.9914787723399442 0.7417143800924906 0.695100612423447 0.12756849315068494 0.023255813953488372 0.3976868327402135 
0.7688244172396443 0.3585462414227302 0.7688244172396443 0.7833030709718165 0.7206349206349206 0.11472602739726027 0.023255813953488372 0.3973902728351127 
0.6176625013126115 0.36401872974184313 0.6176625013126115 0.7392505537779965 0.699614252763859 0.1832191780821918 0.023255813953488372 0.4393649055570763 
0.7686925434116445 0.45933508181445176 0.7686925434116445 0.7043428076756602 0.6306426608954582 0.18835616438356165 0.023255813953488372 0.39145907473309605 
0.5919625306379984 0.5131570749637124 0.5919625306379984 0.7215021217246802 0.614896695605357 0.3964041095890411 0.06976744186046512 0.5884595831215048 
0.7575181758096496 0.3559001075353657 0.7575181758096496 0.7858056366937712 0.6905175314624133 0.11643835616438356 0.023255813953488372 0.45373665480427045 
0.7674862141879845 0.5090035790226923 0.7674862141879845 0.7412739999217925 0.6117465243851817 0.2320205479452055 0.023255813953488372 0.4822064056939501 
0.7951991828396323 0.39755927766094235 0.7951991828396323 0.7242345752806004 0.6548438201981509 0.13184931506849315 0.046511627906976744 0.45670225385527874 
