0.33447098976109213 4.048342685382935 0.8071880547066657 19.19451087105114 0.33447098976109213 5.346938775510204 1.6137931034482758 293 2 12.73913043478261 
0.4492753623188406 3.731961445658845 0.8376135366193175 21.288373158646245 0.4492753623188406 5.774193548387097 1.6710526315789473 138 0 17.25 
0.4413793103448276 3.758209404894102 0.8356651769232247 21.14849246550188 0.4413793103448276 5.890625 1.7763157894736843 145 2 16.11111111111111 
0.40878378378378377 4.973069365987058 0.8427921968888024 25.710268636494483 0.40878378378378377 6.231404958677686 1.7853403141361257 296 4 13.454545454545455 
0.44370860927152317 3.8554167622445212 0.8380422771196661 21.756975306118814 0.44370860927152317 5.91044776119403 1.8101265822784811 151 3 18.875 
0.47619047619047616 4.0824829046386295 0.8513280498578404 24.327811438443906 0.47619047619047616 6.142857142857143 1.7317073170731707 147 2 21 
0.33993399339933994 4.184088988067296 0.8111560596184473 19.907911770405903 0.33993399339933994 5.669902912621359 1.5877862595419847 303 1 20.2 
0.3333333333333333 4.864839839775475 0.8185443398082675 22.355677319637557 0.3333333333333333 5.971830985915493 1.8028846153846154 426 1 20.285714285714285 
0.3841059602649007 3.337524958360929 0.8092917163504427 17.230939476057202 0.3841059602649007 6.258620689655173 1.9014084507042253 151 0 12.583333333333334 
0.3411214953271028 3.528588185016672 0.7995673907481898 17.11553560708322 0.3411214953271028 5.8493150684931505 1.7555555555555555 214 1 19.454545454545453 
0.3814814814814815 4.432414273992933 0.827863462628109 22.289996343130856 0.3814814814814815 5.854368932038835 1.7419354838709677 270 1 12.272727272727273 
0.3624454148471616 3.8783353021827813 0.8132253738609005 19.239836692971704 0.3624454148471616 5.421686746987952 1.543859649122807 229 0 15.266666666666667 
0.46621621621621623 4.010543536661765 0.8472937054979154 23.493018421084532 0.46621621621621623 5.6521739130434785 1.7820512820512822 148 1 18.5 
0.3810623556581986 5.606928244752325 0.8410749570597306 27.022065187198347 0.3810623556581986 5.557575757575758 1.5277777777777777 433 5 17.32 
0.37986270022883295 5.615033759381428 0.8407967035690713 26.99782339620275 0.37986270022883295 5.963855421686747 1.9364406779661016 437 8 16.185185185185187 
0.3897058823529412 3.2135970317314118 0.8081764353282598 16.727331552815627 0.3897058823529412 5.9245283018867925 1.7384615384615385 136 1 17 
0.34413965087281795 4.872949405670496 0.8220362684868499 22.759588140774724 0.34413965087281795 5.826086956521739 1.756218905472637 401 1 19.095238095238095 
0.39285714285714285 4.648348401006841 0.8341891528920021 23.647968772344125 0.39285714285714285 5.663636363636364 1.627906976744186 280 4 20 
0.36771300448430494 5.491126147495885 0.8359999645814298 25.996873367432734 0.36771300448430494 6.048780487804878 1.8193832599118942 446 3 20.272727272727273 
0.3632075471698113 3.739450570075467 0.8109279304233102 18.630531462377576 0.3632075471698113 5.376623376623376 1.5543478260869565 212 1 14 
0.4782608695652174 4.587317109255645 0.858560301139939 27.178109644779585 0.4782608695652174 6.113636363636363 1.9166666666666667 184 0 13.142857142857142 
0.3598233995584989 5.415312277608528 0.8328711652029763 25.384235282626264 0.3598233995584989 6.0 1.865546218487395 453 0 18.875 
0.4013605442176871 3.440949876766845 0.8170709398436581 18.212728741362028 0.4013605442176871 5.559322033898305 1.6944444444444444 147 5 16.333333333333332 
0.37748344370860926 3.279981424596085 0.8058253474658023 16.778673993769793 0.37748344370860926 5.9298245614035086 2.0945945945945947 151 3 13.727272727272727 
0.4117647058823529 3.6014702879926856 0.823613130930896 19.345772062743418 0.4117647058823529 5.396825396825397 1.75 153 2 13.909090909090908 
0.3917808219178082 5.292667452912878 0.8411747413277293 26.284355416809 0.3917808219178082 5.916083916083916 1.8275862068965518 365 7 13.518518518518519 
0.39215686274509803 3.9605901719066976 0.8239803990406622 20.513079426191307 0.39215686274509803 5.9625 1.8224299065420562 204 3 17 
0.38839285714285715 5.8129320115952305 0.8450827248040418 28.142945995920087 0.38839285714285715 6.051724137931035 1.8766519823788546 448 7 18.666666666666668 
0.2853881278538813 4.223358614996787 0.7938408348086674 18.592006833074617 0.2853881278538813 5.8 1.63 438 2 19.043478260869566 
0.423963133640553 4.416141318783337 0.840497184221051 23.827482593910567 0.423963133640553 6.173913043478261 1.9655172413793103 217 3 19.727272727272727 
0.3378839590443686 4.089652304621537 0.8089753897337564 19.45999976890333 0.3378839590443686 5.929292929292929 1.657718120805369 293 4 20.928571428571427 
0.383399209486166 4.312175977401554 0.8267466058232241 21.83002989390724 0.383399209486166 6.22680412371134 2.017699115044248 253 4 19.46153846153846 
0.3402061855670103 4.103682027833908 0.8099520569758657 19.58362040358684 0.3402061855670103 5.767676767676767 1.8125 291 1 14.55 
0.3906633906633907 5.572947116000614 0.8435782650891098 27.336465838636727 0.3906633906633907 6.062893081761007 1.8240740740740742 407 2 23.941176470588236 
0.3624454148471616 3.8783353021827813 0.8132253738609005 19.239836692971704 0.3624454148471616 5.421686746987952 1.543859649122807 229 0 15.266666666666667 
0.3593073593073593 5.460999068166083 0.8331731273492029 25.53048429740257 0.3593073593073593 5.578313253012048 1.639676113360324 462 4 17.11111111111111 
0.4527027027027027 3.894295897917946 0.8414076467125562 22.307888423971747 0.4527027027027027 6.059701492537314 1.8333333333333333 148 1 13.454545454545455 
0.3829787234042553 5.2511396939242045 0.8381378843281546 25.734179904440044 0.3829787234042553 5.847222222222222 1.6923076923076923 376 5 16.347826086956523 
0.33651551312649164 4.870764177766941 0.819620021032511 22.486435072529055 0.33651551312649164 6.184397163120567 1.8525345622119815 419 9 17.458333333333332 
0.40955631399317405 4.957154308632165 0.8428426515035963 25.675555569902812 0.40955631399317405 5.65 1.7357142857142858 293 2 17.235294117647058 
0.381294964028777 4.4954013273038465 0.8286696989545105 22.55555874605333 0.381294964028777 5.783018867924528 1.821705426356589 278 5 16.352941176470587 
0.4117647058823529 3.6014702879926856 0.823613130930896 19.345772062743418 0.4117647058823529 5.873015873015873 1.9135802469135803 153 2 19.125 
0.36394557823129253 4.412605628806426 0.8221629722371159 21.603076095147806 0.36394557823129253 5.598130841121495 1.7222222222222223 294 1 16.333333333333332 
0.33557046979865773 5.016750465679883 0.8210712304374921 22.992884242463322 0.33557046979865773 6.053333333333334 1.8247863247863247 447 5 15.413793103448276 
0.39436619718309857 3.3229886429427893 0.8122461990599641 17.414170015782787 0.39436619718309857 5.428571428571429 1.5942028985507246 142 0 15.777777777777779 
0.40096618357487923 4.079227453618821 0.8286280936803011 21.366252775906155 0.40096618357487923 5.674698795180723 1.6701030927835052 207 2 18.818181818181817 
0.3482142857142857 5.211594217292276 0.8271952570704632 24.173045642554563 0.3482142857142857 5.782051282051282 1.8036529680365296 448 6 22.4 
0.5100671140939598 4.402561792362541 0.8654635912341331 27.859313800209936 0.5100671140939598 5.592105263157895 1.75 149 1 14.9 
0.39552238805970147 3.2374902754420884 0.8106210239036227 16.99450573923268 0.39552238805970147 5.90566037735849 1.8142857142857143 134 1 14.88888888888889 
0.3177570093457944 3.286904062755256 0.786344868736601 15.529644492690833 0.3177570093457944 5.573529411764706 1.7613636363636365 214 1 16.46153846153846 
0.39545454545454545 4.147562263218327 0.8279971281433435 21.4982404472855 0.39545454545454545 5.310344827586207 1.587719298245614 220 1 14.666666666666666 
0.3045356371490281 4.633547498300463 0.8062854289168003 20.597898075029573 0.3045356371490281 5.439716312056738 1.5480769230769231 463 3 22.047619047619047 
0.3897058823529412 3.2135970317314118 0.8081764353282598 16.727331552815627 0.3897058823529412 5.9245283018867925 1.7384615384615385 136 1 17 
0.3948339483394834 4.596043541586868 0.8341181227798612 23.496787477877522 0.3948339483394834 5.588785046728972 1.5401459854014599 271 1 18.066666666666666 
0.4090909090909091 3.5897581584785954 0.8225478882620827 19.204768467404296 0.4090909090909091 5.4603174603174605 1.6486486486486487 154 2 17.11111111111111 
